3.0 10 16.0 1 32 3.0 430.0 440320.0 1
16.0 24 16.0 1 32 3.0 2304.0 2359296.0 1
16.0 24 16.0 1 32 3.0 2304.0 2359296.0 1
16.0 24 16.0 1 32 3.0 2304.0 2359296.0 1
16.0 24 16.0 1 32 3.0 2304.0 2359296.0 1
16.0 24 16.0 1 32 3.0 2304.0 2359296.0 1
16.0 24 16.0 1 32 3.0 2304.0 2359296.0 1
16.0 24 16.0 1 32 3.0 2304.0 2359296.0 1
16.0 24 16.0 1 32 3.0 2304.0 2359296.0 1
16.0 24 16.0 1 32 3.0 2304.0 2359296.0 1
16.0 24 16.0 1 32 3.0 2304.0 2359296.0 1
16.0 24 16.0 1 32 3.0 2304.0 2359296.0 1
16.0 24 16.0 1 32 3.0 2304.0 2359296.0 1
16.0 24 16.0 1 32 3.0 2304.0 2359296.0 1
16.0 24 16.0 1 32 3.0 2304.0 2359296.0 1
16.0 24 16.0 1 32 3.0 2304.0 2359296.0 1
16.0 24 16.0 1 32 3.0 2304.0 2359296.0 1
16.0 24 16.0 1 32 3.0 2304.0 2359296.0 1
16.0 24 16.0 1 32 3.0 2304.0 2359296.0 1
16.0 32 32.0 1 16 3.0 4608.0 1179648.0 2
32.0 48 32.0 1 16 3.0 9216.0 2359296.0 1
32.0 48 32.0 1 16 3.0 9216.0 2359296.0 1
32.0 48 32.0 1 16 3.0 9216.0 2359296.0 1
32.0 48 32.0 1 16 3.0 9216.0 2359296.0 1
32.0 48 32.0 1 16 3.0 9216.0 2359296.0 1
32.0 48 32.0 1 16 3.0 9216.0 2359296.0 1
32.0 48 32.0 1 16 3.0 9216.0 2359296.0 1
32.0 48 32.0 1 16 3.0 9216.0 2359296.0 1
32.0 48 32.0 1 16 3.0 9216.0 2359296.0 1
32.0 48 32.0 1 16 3.0 9216.0 2359296.0 1
32.0 48 32.0 1 16 3.0 9216.0 2359296.0 1
32.0 48 32.0 1 16 3.0 9216.0 2359296.0 1
32.0 48 32.0 1 16 3.0 9216.0 2359296.0 1
32.0 48 32.0 1 16 3.0 9216.0 2359296.0 1
32.0 48 32.0 1 16 3.0 9216.0 2359296.0 1
32.0 48 32.0 1 16 3.0 9216.0 2359296.0 1
32.0 48 32.0 1 16 3.0 9216.0 2359296.0 1
32.0 64 64.0 1 8 3.0 18432.0 1179648.0 2
64.0 96 64.0 1 8 3.0 36864.0 2359296.0 1
64.0 96 64.0 1 8 3.0 36864.0 2359296.0 1
64.0 96 64.0 1 8 3.0 36864.0 2359296.0 1
64.0 96 64.0 1 8 3.0 36864.0 2359296.0 1
64.0 96 64.0 1 8 3.0 36864.0 2359296.0 1
64.0 96 64.0 1 8 3.0 36864.0 2359296.0 1
64.0 96 64.0 1 8 3.0 36864.0 2359296.0 1
64.0 96 64.0 1 8 3.0 36864.0 2359296.0 1
64.0 96 64.0 1 8 3.0 36864.0 2359296.0 1
64.0 96 64.0 1 8 3.0 36864.0 2359296.0 1
64.0 96 64.0 1 8 3.0 36864.0 2359296.0 1
64.0 96 64.0 1 8 3.0 36864.0 2359296.0 1
64.0 96 64.0 1 8 3.0 36864.0 2359296.0 1
64.0 96 64.0 1 8 3.0 36864.0 2359296.0 1
64.0 96 64.0 1 8 3.0 36864.0 2359296.0 1
64.0 96 64.0 1 8 3.0 36864.0 2359296.0 1
64.0 96 64.0 1 8 3.0 36864.0 2359296.0 1
