3.0 19 64.0 1 224 3.0 1729.0 86754304.0 1
64.0 96 64.0 1 224 3.0 36864.0 1849688064.0 1
64.0 128 128.0 1 112 3.0 73728.0 924844032.0 1
128.0 192 128.0 1 112 3.0 147456.0 1849688064.0 1
128.0 256 256.0 1 56 3.0 294912.0 924844032.0 1
256.0 384 256.0 1 56 3.0 589824.0 1849688064.0 1
256.0 384 256.0 1 56 3.0 589824.0 1849688064.0 1
256.0 512 512.0 1 28 3.0 1179648.0 924844032.0 1
512.0 768 512.0 1 28 3.0 2359296.0 1849688064.0 1
512.0 768 512.0 1 28 3.0 2359296.0 1849688064.0 1
512.0 768 512.0 1 14 3.0 2359296.0 462422016.0 1
512.0 768 512.0 1 14 3.0 2359296.0 462422016.0 1
512.0 768 512.0 1 14 3.0 2359296.0 462422016.0 1
